{
  "advancedEditorSelectedIdentifier" : "ProjectBrowser",
  "openSceneRelativePaths" : [
    "Scene.usda",
    "PieChart.usdc"
  ],
  "recentIdentifiers" : {
    "26DBAE76-5DD8-47B6-A085-1B4ADA111097" : [

    ]
  },
  "sceneCameraHistory" : {
    "4C35FD7B-A8D7-4B45-BF5F-C800206456AB" : [
      {
        "date" : 736662927.431824,
        "title" : "Untitled",
        "transform" : [
          0.9983041,
          4.4491477e-09,
          0.058212776,
          0,
          0.0005065592,
          0.9999621,
          -0.008687251,
          0,
          -0.058210593,
          0.0087019885,
          0.99826646,
          0,
          0.010746626,
          0.12363756,
          0.47495413,
          1
        ]
      },
      {
        "date" : 736662917.704229,
        "title" : "Untitled",
        "transform" : [
          0.9766493,
          4.382569e-09,
          0.21483977,
          0,
          -0.001017305,
          0.9999888,
          0.0046245684,
          0,
          -0.2148374,
          -0.0047351583,
          0.97663844,
          0,
          -0.056718513,
          0.117934436,
          0.472921,
          1
        ]
      },
      {
        "date" : 736662119.226772,
        "title" : "Untitled",
        "transform" : [
          0.9998486,
          2.5354607e-10,
          -0.017398965,
          0,
          -0.004895596,
          0.95959854,
          -0.2813302,
          0,
          0.016696021,
          0.2813728,
          0.9594532,
          0,
          0.053518377,
          0.24855243,
          0.41968712,
          1
        ]
      },
      {
        "date" : 736662029.985758,
        "title" : "Untitled",
        "transform" : [
          0.9998306,
          -7.90951e-10,
          0.018405879,
          0,
          0.008829737,
          0.8774196,
          -0.47964242,
          0,
          -0.01614968,
          0.47972372,
          0.877271,
          0,
          -0.029050719,
          0.6173086,
          0.9692968,
          1
        ]
      },
      {
        "date" : 736662021.917877,
        "title" : "Untitled",
        "transform" : [
          0.99987483,
          0.012708725,
          0.0094357105,
          0,
          -0.010109396,
          0.97142744,
          -0.23712152,
          0,
          -0.0121796215,
          0.23699646,
          0.9714342,
          0,
          -0.020425241,
          0.19460094,
          0.8087393,
          1
        ]
      },
      {
        "date" : 736662014.987296,
        "title" : "Untitled",
        "transform" : [
          0.85463566,
          0.012708682,
          -0.51907265,
          0,
          0.508029,
          0.186045,
          0.84100765,
          0,
          0.10725897,
          -0.982459,
          0.1525443,
          0,
          -0.8053614,
          7.660133,
          -0.43683803,
          1
        ]
      },
      {
        "date" : 736662011.634454,
        "title" : "Untitled",
        "transform" : [
          0.85463566,
          0.012708682,
          -0.51907265,
          0,
          0.508029,
          0.186045,
          0.84100765,
          0,
          0.10725897,
          -0.982459,
          0.1525443,
          0,
          0.023756457,
          0.06566889,
          0.7423382,
          1
        ]
      },
      {
        "date" : 736662006.259474,
        "title" : "Untitled",
        "transform" : [
          0.8712484,
          2.079588e-09,
          0.49084234,
          0,
          0.48989615,
          0.06206184,
          -0.86956894,
          0,
          -0.030462634,
          0.9980723,
          0.054071315,
          0,
          0.11718125,
          0.7403829,
          -0.058250785,
          1
        ]
      },
      {
        "date" : 736662003.64022,
        "title" : "Untitled",
        "transform" : [
          0.9973933,
          -2.0504376e-11,
          0.0721574,
          0,
          0.0021418903,
          0.99955934,
          -0.029606208,
          0,
          -0.072125606,
          0.029683586,
          0.9969538,
          0,
          0.020827318,
          0.17567682,
          0.73074985,
          1
        ]
      },
      {
        "date" : 736661997.818343,
        "title" : "Untitled",
        "transform" : [
          0.99988174,
          7.641742e-09,
          0.01537724,
          0,
          -8.7641754e-05,
          0.9999838,
          0.0056994315,
          0,
          -0.015376997,
          -0.005700091,
          0.99986553,
          0,
          -0.012288495,
          0.13345973,
          0.82392776,
          1
        ]
      }
    ],
    "26DBAE76-5DD8-47B6-A085-1B4ADA111097" : [
      {
        "date" : 736164135.660318,
        "title" : "Untitled",
        "transform" : [
          0.36236376,
          -2.5922498e-06,
          0.9320367,
          0,
          0.067598596,
          0.9973664,
          -0.02627868,
          0,
          -0.9295821,
          0.07252682,
          0.36140963,
          0,
          -0.08679389,
          0.13183849,
          -1.7767272,
          1
        ]
      },
      {
        "date" : 736060426.989465,
        "title" : "Untitled",
        "transform" : [
          -0.47662672,
          -3.4490533e-08,
          0.8791058,
          0,
          0.84581953,
          0.2725692,
          0.4585798,
          0,
          -0.23961717,
          0.96213615,
          -0.12991367,
          0,
          -0.09357709,
          3.671223,
          -0.49661526,
          1
        ]
      },
      {
        "date" : 736057283.793725,
        "title" : "Untitled",
        "transform" : [
          0.9617486,
          0.00017563331,
          0.2739337,
          0,
          0.20175466,
          0.67597336,
          -0.70877004,
          0,
          -0.18529637,
          0.7369261,
          0.650081,
          0,
          -0.61610895,
          2.380395,
          2.1118143,
          1
        ]
      },
      {
        "date" : 736056314.043959,
        "title" : "Untitled",
        "transform" : [
          0.9996593,
          0.0001756329,
          -0.026099183,
          0,
          -0.02026814,
          0.6352487,
          -0.7720417,
          0,
          0.016443884,
          0.7723076,
          0.63503575,
          0,
          -0.03173645,
          0.22332788,
          0.2275415,
          1
        ]
      },
      {
        "date" : 736056305.72062,
        "title" : "Untitled",
        "transform" : [
          0.8434616,
          0.00017563296,
          -0.5371894,
          0,
          -0.30370608,
          0.82499933,
          -0.47659075,
          0,
          0.4430972,
          0.5651337,
          0.69590855,
          0,
          0.1334171,
          0.14003666,
          0.23115134,
          1
        ]
      },
      {
        "date" : 736056296.961958,
        "title" : "Untitled",
        "transform" : [
          0.9996659,
          -3.5028688e-10,
          -0.025848592,
          0,
          -0.0146935545,
          0.8227198,
          -0.56825715,
          0,
          0.021266147,
          0.56844705,
          0.8224449,
          0,
          0.023013549,
          0.18195151,
          0.6047557,
          1
        ]
      },
      {
        "date" : 736056290.999153,
        "title" : "Untitled",
        "transform" : [
          0.9996659,
          -3.5028688e-10,
          -0.025848592,
          0,
          -0.014693556,
          0.82271993,
          -0.5682572,
          0,
          0.021266147,
          0.56844705,
          0.8224449,
          0,
          0.020654036,
          0.31406516,
          0.5135039,
          1
        ]
      },
      {
        "date" : 736056286.800452,
        "title" : "Untitled",
        "transform" : [
          0.999538,
          -4.0166193e-10,
          -0.030391796,
          0,
          -0.0099602165,
          0.94477236,
          -0.32757574,
          0,
          0.028713332,
          0.32772714,
          0.944336,
          0,
          0.028656915,
          0.07234824,
          0.50527185,
          1
        ]
      },
      {
        "date" : 736056280.341024,
        "title" : "Untitled",
        "transform" : [
          0.99999684,
          9.8398734e-11,
          0.0025067925,
          0,
          0.0010487346,
          0.9082826,
          -0.4183559,
          0,
          -0.002276876,
          0.41835722,
          0.9082798,
          0,
          0.009178428,
          0.111521296,
          0.4889728,
          1
        ]
      },
      {
        "date" : 736056247.265765,
        "title" : "Untitled",
        "transform" : [
          0.99999684,
          9.8398734e-11,
          0.0025067925,
          0,
          0.0010487346,
          0.9082826,
          -0.4183559,
          0,
          -0.002276876,
          0.41835722,
          0.9082798,
          0,
          0.0094299745,
          0.32938015,
          0.38862678,
          1
        ]
      }
    ]
  },
  "selectedSceneRelativePath" : "PieChart.usdc"
}